start=1556.096000
brightness=-2.000000
contrast=1.000000
deinterlace=auto
sid=3
sub-pos=82.000000
video-zoom=0.500000
