start=9397.917000
video-zoom=0.300000
