start=1341.590000
vid=1
video-zoom=0.200000
