start=10006.396000
contrast=-1.000000
aid=1
vid=1
sid=1
sub-pos=101.000000
