start=9.843000
sid=3
video-zoom=0.400000
