start=1365.010000
sub-pos=96.000000
video-zoom=0.200000
