start=1353.666000
video-zoom=0.100000
