start=4.254000
volume=98.000000
