start=14.723000
video-zoom=0.200000
