start=1362.112000
aid=2
sid=no
sub-pos=99.000000
