start=4722.347000
vid=1
sid=2
sub-delay=0.000000
sub-pos=82.000000
video-zoom=0.300000
