start=197.698000
vid=1
sub-delay=-0.700000
video-zoom=0.200000
