start=1365.054349
vid=1
sid=1
video-zoom=0.000000
