start=395.145000
speed=1.000000
volume=98.000000
sid=1
sub-pos=101.000000
video-zoom=0.200000
