start=1332.790000
aid=3
sid=3
video-zoom=0.200000
