start=1126.54
brightness=-2.000000
contrast=1.000000
deinterlace=auto
vid=1
sid=3
video-zoom=0.400000
