start=2402.859000
speed=1.210000
sid=2
