start=2860.367000
ab-loop-a=2860.367000
video-zoom=0.200000
