start=1123.789000
speed=1.464100
volume=99.559998
aid=1
vid=1
sid=2
