start=113.947000
video-zoom=0.100000
