start=171.713000
sub-delay=0.000000
sub-pos=82.000000
video-zoom=0.300000
