start=105.105000
video-zoom=0.300000
