start=1365.247333
sub-pos=96.000000
video-zoom=0.100000
