start=4824.778000
sub-pos=102.000000
video-zoom=0.500000
