start=1331.247000
sid=1
video-zoom=0.200000
