start=1470.483231
brightness=-2.000000
contrast=1.000000
deinterlace=auto
vid=1
sid=no
sub-pos=82.000000
video-zoom=0.100000
