start=5313.125000
panscan=0.300000
aid=2
sid=1
sub-pos=101.000000
video-zoom=0.400000
