start=1361.068000
aid=2
vid=1
sid=2
video-zoom=0.200000
