start=1362.869667
aid=2
vid=1
sid=2
video-zoom=0.200000
