start=2657.029375
speed=1.210000
