start=3674.671000
sid=3
video-zoom=0.300000
