start=1351.351000
aid=6
sub-scale=0.900000
video-zoom=0.100000
