start=460.899000
sub-pos=96.000000
video-zoom=0.100000
