start=270.061000
sid=1
video-zoom=0.100000
