start=481.190000
speed=1.210000
aid=1
vid=1
sid=1
video-zoom=0.200000
