start=1316.232000
video-zoom=0.200000
