start=2435.500000
video-zoom=0.200000
