start=1366.095000
sub-pos=96.000000
video-zoom=0.100000
