start=560.311000
speed=1.210000
aid=3
sid=3
sub-delay=0.100000
video-zoom=0.200000
