start=815.315000
sid=1
ab-loop-a=1268.768000
video-zoom=0.200000
