start=4127.083000
aid=1
sid=3
video-zoom=0.500000
