start=8899.760000
aid=1
sid=1
video-zoom=0.200000
