start=0.626000
video-zoom=0.200000
