start=12.909000
video-zoom=0.100000
