start=52.815267
speed=1.100000
audio-delay=1.800000
vid=no
sid=2
sub-delay=0.100000
video-zoom=0.100000
