start=3340.003000
video-zoom=0.100000
